graphic            count activation y-scroll    median life  z (top)        flags
FODDERA.LIN#2         57 -48..-48 (n=46)        1047         0,32,33        00,10,01,11
TRILO.LIN#33          54 -                      2            -6397,-6061,-6087 20
?#56                  51 -                      11           -6325,-6234,-6562 20
JEEPHELI.LIN#0        50 -                      34           20412,20724,21036 00,01,02,0d
YELLOW.LIN#0          24 -44..-42 (n=12)        1089         0,32,33        00,10,01
FLAME.LIN#0           10 128..128 (n=1)         228          0,33,32        00,11,01
?#15                   8 -                      8            -6600,-6512,-6537 05
?#7                    5 -                      12           -6137,-5944,-5962 05
POPUP.LIN#54           5 -                      11           -6531,-6550,-6556 20
?#127                  4 -                      6            -6035,-5976,-5994 04,00
?#94                   4 -                      12           -6287,-6119,-6137 05
?#76                   4 -                      51           -6409,-6434,-6403 21
?#8                    3 -                      7            -6387,-5950,-5968 05,06
?#124                  3 -                      39           -6368,-6112,-6220 04
?#5                    3 -                      10           -6262,-6130,-6148 05
_SAND.LIN#4            3 -                      10           -6197,-6217,-6235 05
?#100                  3 -                      15           -6637,-6517,-6469 05
MEDTANK.LIN#0          3 -16..-15 (n=3)         1435         0,33           00,01
?#9                    2 -                      12           -6004,-6022,-5970 05
?#78                   2 -                      10           -5945,-5963,-5981 21
?#1                    2 -                      1931         0,1,-6169      05,00,02,01
?#17                   2 -                      58           -6312,-6150,-6168 05
?#21                   2 -                      12           -6070,-6088,-6106 05
?#96                   2 -                      13           -6501,-6144,-6162 05
?#93                   2 -                      14           -6306,-6216,-6234 05
POPUP.LIN#57           2 -                      111          -6581,-6353,-6326 20
FINAL.PAM#113          2 -                      34           -6662,-6644,-6513 05
?#0                    2 -                      2            0              00
MEDTANK.LIN#4          2 -                      481          1              0d
?#16                   1 -                      1            -6025          05
TRAIN.LIN#3            1 -                      1            -6063          05
?#22                   1 -                      5            -6094,-6112,-6076 05
?#95                   1 -                      16           -6300,-6192,-6210 05
?#114                  1 -                      8            -6249,-6267,-6285 05
?#115                  1 -                      12           -6219,-6237,-6255 05
?#116                  1 -                      8            -6225,-6243,-6261 05
FINAL.PAM#14           1 -                      1            -6367          05
JEEPBP2.RAW#4          1 -                      6            -6373,-6391,-6355 06
?#13                   1 -                      6            -6448,-6466,-6430 06
BLACKJET.LIN#102       1 -                      5            -6488,-6506,-6470 05
_WREX.LIN#103          1 -                      18           -6560,-6524,-6542 05
?#99                   1 -                      4            -6476,-6494    05
TRAIN.LIN#1            1 -                      8            0              00
TRILO.LIN#15           1 -                      2            0              00
FODDERA.LIN#10         1 -                      2            0              00
?#27                   1 -                      1            0              00
PLOP.LIN#0             1 -                      1            0              00
?#123                  1 -                      1            0              00
PROXMINE.LIN#0         1 -                      895          0              00
?#28                   1 -                      2516         32,33          10,12,01,00
?#47                   1 -                      1973         1,0            0d,01,00
?#120                  1 -                      1247         33,1           00,01
TRAIN.LIN#0            1 98..98 (n=1)           1492         0              00
?#64                   1 -                      958          32,33          10,12,01
BULLET.LIN#0           1 -                      1            0              00
SKYEYEA.LIN#118        1 -                      211          33,1,0         01,00
